4 170.377918  222
5 114.606584  165
69  25.950384 210
97  26.434185 175
12  355.29496700000004  151
6 175.62427399999999  302
16  70.315326 180
7 322.63409000000007  102
75  32.47279  261
4 141.054949  121
13  84.78197399999999 198
94  64.503121 484
7 151.019122  279
17  176.55678 325
3 132.833173  121
15  66.88968600000001 101
42  60.077792 243
121 28.488129 187
69  54.950936 318
3 248.10619600000004  125
23  220.82704199999998  352
3 286.05507100000005  194
2 147.63612 99
138 23.702038 149
63  38.921993 204
31  102.259377  313
16  84.9555 140
15  71.09326  87
18  129.67242 158
9 133.464774  117
2 1368.765784999999 119
8 125.705517  264
5 390.485013  233
20  66.79707400000001 145
48  38.222183 151
42  61.02882  151
7 313.14322899999996  148
4 454.43280100000004  241
11  137.183998  325
12  72.796545 152
15  86.977118 188
9 104.673486  232
9 197.49561399999996  221
62  35.27993  132
13  100.992108  249
11  125.271239  188
44  41.290432 172
14  83.4445 104
1 1073.1342760000002  185
12  268.480602  158
7 299.41197999999997  96
8 147.891064  115
35  44.48346  176
40  52.41354  163
26  94.573613 287
38  88.205827 137
4 295.46378400000003  62
52  59.639386 306
66  35.873524 211
3 208.00418099999996  212
1 1724.9968489999997  182
71  28.442535 139
3 638.6288029999998 220
31  42.46776  121
8 177.82503999999997  144
5 132.388044  132
2 1575.0535979999995  146
17  43.729767 97
3 476.9459709999999 197
5 134.024935  174
2 485.43553099999997  219
3 370.836483  156
14  91.963177 148
7 135.78681 205
53  59.963259 258
2 328.04561000000007  89
14  55.074838 106
61  19.843267 142
34  62.762756 290
45  37.60274  175
4 280.87955400000004  303
25  83.557173 274
12  208.44344900000002  266
7 121.823768  171
37  34.98214  89
42  24.828283 98
13  217.94332 201
28  90.651771 195
11  151.82414200000002  280
7 166.775145  136
5 122.37466599999999  150
28  92.064106 207
99  18.727644 124
10  119.743944  221
3 1108.7379390000003  463
6 492.1593949999999 139
26  41.114926 129
5 263.306549  190
131 23.414318 135
4 144.978196  119
13  159.968718  162
107 38.77402  173
8 147.320776  229
8 91.605941 125
215 27.190174 248
265 28.289354 312
22  42.245456 121
87  37.699596 121
10  157.263772  177
5 437.8101709999999 235
35  35.772842 145
49  44.15556  194
4 224.641765  176
34  50.722268 212
58  26.475294 101
37  44.685634 185
2 450.6887700000001 131
147 24.543814 214
31  54.14275  133
3 291.96547799999996  259
45  32.386513 126
53  43.199684 287
3 110.137585  176
31  58.458131 165
3 232.361728  123
24  91.915078 267
3 169.85468600000002  147
8 306.66446999999994  245
2 428.2439639999999 103
15  107.80342000000002  205
8 170.615002  209
22  27.226467 86
7 99.60525700000001 125
3 318.217797  157
16  70.66908000000001 105
5 212.176113  150
2 290.529975  123
142 27.567646 145
78  33.434536 249
17  186.181511  122
9 103.24576 111
5 317.470672  159
2 483.534182  225
8 70.30833899999999 184
4 358.41158800000005  185
36  44.004764 203
3 285.795878  324
10  116.28147700000001  121
89  34.26445  176
10  100.923019  132
13  177.60241100000002  211
2 408.072272  137
2 267.42411599999997  247
42  27.222717 162
192 18.09968  207
8 104.749608  170
3 990.135873  226
128 35.272057 152
167 36.654213 305
138 20.020962 156
7 170.46102000000002  118
4 174.15049199999999  96
2 718.2300780000002 201
4 171.95952599999998  169
125 24.159985 127
191 33.888443 372
14  116.64740900000001  132
183 29.236942 259
12  75.90935400000001 94
5 222.79333199999996  107
91  30.087275 192
3 224.857584  201
29  45.662742 145
6 282.26124100000004  358
31  33.65068  267
2 431.43502899999993  238
119 20.937637 240
91  30.259514 113
8 126.436696  123
71  22.031498 175
6 79.883368 111
5 166.560043  188
3 271.317475  135
4 106.981591  90
83  25.670086 101
9 58.012941000000005  109
9 115.079282  197
104 19.362404 143
70  39.197174 115
1 371.28037100000006  108
8 189.99653999999998  190
1 1533.8149819999996  125
38  54.90599  103
7 126.54242 195
15  85.64135300000001 171
8 146.01272 225
7 163.95335699999998  199
6 108.954919  97
16  114.994497  238
50  37.371468 173
11  125.85273099999999  254
13  76.00373400000001 105
19  154.9014  248
3 125.74825000000001  126
37  19.471756 102
23  89.624852 278
44  33.084335 166
89  26.73071  172
42  54.765170999999995  282
8 451.92683200000005  321
6 159.257955  144
1 1033.684768 226
12  91.637484 151
38  28.704592 152
19  69.353936 136
61  22.791218 224
3 295.425995  173
54  43.618988 123
127 26.826475 248
41  36.986256 160
16  53.358774 117
19  56.794893 136
9 59.731086 106
108 24.871426 187
9 100.662664  168
10  108.00671000000001  139
11  98.122427 141
6 90.076372 110
2 204.070836  233
4 207.192069  179
5 307.805002  240
188 34.037174 318
73  13.585798 81
25  107.530365  311
6 209.94675 140
66  28.115555 140
13  108.76488700000002  189
2 254.34286300000002  215
4 198.157161  178
5 504.86722999999995  249
10  75.38073899999999 101
6 67.908372 101
226 26.33287  250
12  67.532322 171
10  108.675227  246
6 114.792621  166
41  57.835659 220
39  21.362324 60
64  22.820084 274
16  113.947903  136
126 24.957314 133
29  55.218095000000005  93
63  32.925564 245
59  45.726154 273
10  92.24248999999999 203
73  27.881239 161
14  75.0245 95
112 29.164246 199
7 164.93491799999998  190
141 22.837423 252
5 170.69919399999998  115
193 34.978466 255
44  28.47469  143
12  84.409926 165
3 389.0335609999999 164
12  91.637484 151
70  36.95225  150
18  93.848551 194
94  26.380634 148
23  52.502292 136
20  142.573355  134
6 159.054969  191
3 165.77203300000002  137
5 272.22015 237
6 147.943423  190
66  58.134806 302
7 266.74965000000003  138
25  32.494934 101
9 163.66649499999997  208
105 21.542648 193
59  29.238361 168
3 470.24151699999993  157
61  20.31239  179
4 168.578365  163
14  89.261799 165
3 440.961232  299
26  86.42555200000001 113
7 225.67544799999996  190
18  61.609383 103
46  31.689865 162
5 146.882342  118
27  35.948967 105
11  101.59100500000001  169
11  140.381811  147
23  141.553816  171
11  495.5528759999998 603
2 230.616602  128
63  29.86623  157
11  175.09448700000002  105
21  68.649077 174
4 407.5948109999999 230
3 661.847878  295
2 515.176748  183
4 868.6844159999999 91
82  23.777885 88
7 79.146333 154
10  189.013092  196
15  48.981662 127
4 294.190381  189
6 151.287044  79
6 138.75679 137
159 27.670979 222
5 305.05656200000004  171
5 275.709387  125
34  21.828  146
8 417.20914999999997  365
6 236.94333399999996  191
15  110.997028  203
14  44.876835 108
73  53.137962 318
39  81.813945 335
28  49.797806 154
48  85.27767  304
11  108.20772600000001  196
12  184.37817900000002  216
4 130.57285000000002  109
2 856.3020799999998 133
7 100.231948  104
21  86.183211 183
83  27.145517 207
1 585.5539669999998 138
134 32.17169  271
203 30.026834 274
28  86.599952 199
113 20.374737 238
26  57.499068 185
79  32.620815 182
188 19.603287 284
5 138.387362  139
9 287.270756  208
50  30.536587 190
43  44.495304000000004  191
36  58.505022999999994  202
46  50.759568 222
5 101.015661  106
11  83.636364 99
4 207.80202899999998  121
10  133.144119  180
23  86.85669  119
61  29.454391 176
42  25.735512 118
7 207.00305500000002  255
4 243.96833899999996  97
16  108.41466 166
41  53.856812 315
19  159.74088799999998  227
54  23.120808 235
10  281.496521  168
61  30.665874 222
11  100.905484  135
14  92.551295 152
147 26.539858 157
3 347.2025509999999 166
6 335.644792  204
17  54.06668500000001 155
6 174.63600200000002  129
35  39.43929  184
2 143.92111699999998  106
80  25.996918 124
120 24.317352 222
4 244.74130800000003  257
164 28.402828 266
36  31.419926 134
5 224.15743299999997  266
4 205.28045100000003  142
17  102.41528 176
7 145.87121299999998  166
6 122.31391 152
41  24.51873  153
17  104.54787900000001  171
40  30.73796  159
103 26.95782  198
18  91.25043299999999 167
21  68.88581  166
92  23.636402 239
106 24.808687 190
15  460.77882700000004  518
12  174.236185  270
45  22.738403 83
98  38.923523 238
13  120.078174  111
16  99.89381800000001 155
170 21.685343 226
3 305.7368220000001 172
2 459.05559700000003  167
5 100.693388  68
4 376.314237  232
92  28.421566 162
35  22.598797 137
5 351.40798399999994  183
49  44.87309  122
91  24.16985  185
38  36.32243  125
60  22.788204 122
90  37.785896 185
28  53.07369  239
34  45.95881  179
50  51.982277 112
3 385.597275  200
4 491.5269180000002 216
4 218.121139  133
7 105.570177  135
151 20.937025 176
3 542.7018899999999 124
181 37.49823  391
7 99.33879599999999 217
15  84.023641 207
4 402.81340199999994  120
8 113.73997800000001  184
48  47.76352  197
37  50.668846 150
9 68.819814 183
8 109.372326  95
32  66.6958 215
11  94.783799 168
9 96.36162  215
20  59.686329 104
10  339.41319799999997  164
44  176.805038  312
19  50.736572 128
38  44.350677 165
8 89.047326 129
76  28.501198 267
4 113.212172  148
18  59.94709  179
8 97.577896 138
21  74.108867 133
24  70.66908000000001 197
4 140.95243 120
4 309.16426800000005  160
11  116.027334  183
22  52.50706  159
62  49.45614  94
6 255.99654600000002  155
28  63.052921999999995  217
3 418.342853  279
7 142.41276000000002  122
17  70.550019 297
10  117.075944  187
53  27.08508  141
6 192.315259  80
13  53.932733 124
28  48.040608 158
112 21.858006 159
7 237.805661  261
3 249.930318  163
16  74.347402 163
265 21.531075 286
39  42.41218  146
93  17.64143  108
155 24.78619  192
6 192.057932  204
57  41.435417 269
43  51.478718 117
2 478.17211700000007  161
5 186.47245900000001  76
13  76.058209 177
27  34.413715 132
92  23.300613 115
6 221.21741 114
3 263.958188  133
16  78.418834 177
6 166.564361  200
35  31.88117  151
40  22.60543  78
128 28.540222 154
6 202.569463  133
21  127.20119600000001  245
5 90.087281 105
4 362.07383100000004  181
2 275.26339299999995  166
34  41.036262 157
6 105.65542 98
31  67.96489299999999 197
58  52.091156 265
39  81.730766 231
19  111.758336  208
2 471.15342900000013  185
1 1248.0309649999997  76
45  32.597076 138
125 27.765148 221
119 28.798199 160
5 207.60075400000002  303
7 234.474399  76
59  37.389767 205
5 153.191748  181
2 258.2529  198
13  102.607468  235
40  54.571454 154
111 36.779987 169
8 137.048556  210
4 391.99372099999994  150
44  33.331314 127
63  40.63091  147
66  33.74706  223
20  64.70024  63
12  179.941758  112
9 84.214996 122
8 108.00294299999999  237
13  108.16704999999999  120
8 96.580431 153
48  33.804516 180
87  23.171925 115
19  60.32686  57
14  75.15515  152
10  115.31425 134
2 752.3035329999999 368
82  30.281233 257
8 145.656966  173
3 602.2066379999999 336
38  46.803498000000005  197
13  66.19126800000001 126
29  24.310436 125
26  48.76626  177
53  32.389362 197
37  60.155100000000004  138
17  100.56584999999998  219
3 309.128143  189
6 86.046936 76
10  104.925253  226
3 367.47936100000015  238
17  77.210674 161
148 22.22713  202
115 18.929874 116
7 112.563295  103
12  167.88673799999998  181
38  38.74374  181
11  159.03898800000002  302
4 137.89909200000002  182
63  31.471638 206
35  42.317005 89
8 477.2104480000001 178
3 738.2059029999999 196
14  101.89325900000001  171
35  21.22744  41
3 363.90637399999997  175
5 212.69169799999997  185
81  37.861206 188
171 19.499163 179
43  29.234116 156
3 1019.6049160000002  534
4 534.8707870000001 232
7 357.746316  239
8 74.911149 110
57  32.925564 233
2 483.12113 202
59  30.921394 129
11  82.004783 182
1 427.99848499999996  101
17  84.09598  142
3 287.83588000000003  125
6 198.434536  253
8 244.46415100000002  76
29  53.481227000000004  222
8 102.49505300000001  158
19  75.131264 176
22  57.625057 114
4 322.77798700000005  174
69  29.080198 160
2 192.37560399999998  104
7 416.25588099999993  387
9 119.117483  211
11  144.63178899999997  164
4 293.187652  254
10  77.97191000000001 91
2 246.20763000000002  122
39  30.650766 121
10  193.64176100000003  218
3 454.9981970000001 172
11  173.12043699999998  117
29  70.70706  240
329 26.994455 348
5 254.25826999999998  173
8 339.13878800000003  215
34  61.22509  216
20  50.206832 83
9 64.264206 141
11  207.001219  155
2 873.8855790000005 167
104 27.173815 141
14  145.520713  235
27  52.381294 141
4 177.60188399999998  236
2 247.92843800000006  63
107 27.240265 243
14  157.58166 192
34  52.465621999999996  204
227 18.576424 231
134 30.162737 216
78  26.574564 187
3 292.329686  140
25  76.750236 143
8 68.443466 127
7 343.3220849999999 157
78  20.95632  103
5 275.177382  133
22  85.6674 196
81  58.501617 252
64  24.081125 166
28  30.613613 106
38  33.952614 125
48  42.323028 207
23  26.23722  101
8 181.58449099999999  189
11  288.38963999999993  335
17  79.128798 152
3 263.310178  246
128 25.137978 149
23  83.53191899999999 236
141 23.772268 197
29  53.896118 154
19  65.003608 179
8 143.397434  107
142 23.954134 284
112 29.735344 374
9 104.75130999999999  92
7 219.81568000000001  166
27  59.539956 122
4 195.189568  133
15  89.807461 158
12  60.900444 128
5 232.47299 281
56  71.882588 152
96  20.714027 175
15  115.12100999999998  181
4 99.715711 177
43  58.975381999999996  223
3 373.20764899999995  176
7 103.434917  156
9 171.885712  343
32  55.967358 144
5 136.429864  153
17  102.078736  194
20  59.331839 166
4 691.8437360000001 207
26  62.074974 117
61  30.784737 128
14  66.07901100000001 126
58  49.779476 246
10  92.072216 126
78  30.79116  210
6 209.16510100000005  213
11  65.278469 76
4 231.69306 71
15  84.627954 98
71  36.292713 157
18  69.162173 131
5 170.99357199999997  217
88  28.022161 223
62  28.080643 178
3 546.8209109999999 218
44  46.6686 219
55  25.245388 165
23  80.84894  194
15  75.7335 96
236 20.923653 274
16  62.06395  213
6 356.183519  153
52  32.075424 130
13  126.77687 173
20  95.70873700000001 213
160 26.613367 172
142 21.817327 178
95  30.381142 151
25  41.814407 116
33  57.170692 169
24  98.06361000000001 432
146 23.655462 167
1 244.856793  88
12  159.762574  249
41  31.48669  125
15  117.776555  237
6 186.571083  127
4 448.5119720000001 175
34  58.757883 185
143 32.894184 261
7 276.969948  274
12  162.64757600000002  267
14  50.202875000000006  150
12  144.887572  208
17  55.587481 126
9 204.108254  142
43  24.013256 96
81  37.90634  279
60  39.38318  255
6 156.752672  216
