2616	3173
63	1789
268	2238
887	2971
72	2418
803	2656
926	3591
2077	3852
4	3240
298	2180
682	3137
25	1691
66	3289
615	3280
1404	3295
31	2989
195	1373
977	3140
19	2432
94	2992
7	3170
791	3148
14	2674
68	1477
209	1193
89	2730
42	2539
246	1086
68	3253
460	1884
37	3820
743	1955
413	2432
436	846
20	2779
604	4309
26	3460
3395	3410
83	1560
169	1182
47	1774
3	7343
871	3020
16	3716
544	9666
74	2604
489	4742
116	2750
1002	2683
3	2193
20	3176
1183	2102
38	3497
3122	3156
888	1745
384	2750
1550	2694
12	2608
80	1391
21	3339
935	2553
24	2808
25	1638
81	1894
33	2726
52	2880
4	2095
96	5496
122	1317
134	2767
1072	2559
1168	1923
557	3530
1216	2177
23	3823
16	2684
907	2619
570	3323
53	3013
7	2149
2872	3069
3	4766
24	4193
311	2182
1050	3761
1	779
449	2681
34	1819
929	2330
12	3253
26	2891
389	3319
31	5051
1960	3071
804	3768
22	2231
5	2248
8	1346
136	1826
31	6346
740	2973
228	3235
26	915
48	1546
19	4566
2	1434
188	1359
16	3831
209	1359
27	2131
4	1340
133	3319
113	3649
110	3382
31	2749
15	2003
13	2896
12	3222
1096	1735
16	1629
209	2613
122	2306
167	2975
36	3139
2614	2851
291	1789
32	2003
96	3229
3	2663
6	1690
49	3597
53	1318
1714	2672
1888	3421
51	3291
53	2806
225	2624
1290	2988
139	2111
208	2210
4	2929
492	1988
548	3211
1451	1767
601	1791
21	2229
473	1850
3	2490
93	2137
72	8514
222	1177
199	2095
83	2165
98	2169
8	2693
642	1710
7	3484
2273	3096
342	4186
7	2622
25	1528
575	3769
213	2469
145	1698
10	1453
153	4537
45	2616
4	2967
2509	7043
329	3041
504	2304
203	1368
398	1881
113	1256
7	3973
123	3916
33	2263
845	3263
1307	1444
35	2049
15	1359
83	2695
701	4455
27	2120
10	2500
2281	3976
398	3140
22	2165
779	2754
1120	2801
379	3257
175	9437
23	1721
37	2624
473	10142
165	3178
79	1528
136	2321
8	3470
7	3866
42	2436
220	1778
30	2847
45	2329
90	2011
1307	1499
170	2210
14	4115
430	2935
2960	3120
197	3597
10	2350
1484	7703
195	3634
4	1729
29	1359
8	2920
1162	2972
89	2899
837	2600
460	3806
3	2951
3	3055
36	987
1492	3458
2548	2986
1321	3940
26	3194
10	1777
536	1442
2483	3053
358	3104
712	2222
15	1722
81	4164
981	1396
407	3339
104	4479
223	1850
65	2024
1390	3213
24	768
1236	2384
36	2146
270	2846
155	1103
1320	3173
58	2099
41	4042
41	1839
13	2255
33	2123
500	2621
802	2621
415	2678
513	2436
21	833
7	2171
29	1366
957	1532
41	1954
456	2001
160	3121
69	3036
144	1555
489	2372
52	1606
193	1373
179	1955
1643	1947
4	2880
192	2634
14	2750
22	4228
14	1856
33	1585
340	2434
19	3949
97	3025
153	1499
29	1639
209	2565
633	3621
620	3492
62	3299
41	1189
14	8078
63	1723
149	2816
370	5619
424	1136
8	1413
10	91
29	2204
100	3520
113	3739
20	2756
194	2155
106	2567
24	3110
10	1551
59	2954
196	3042
125	1605
46	1866
94	2369
466	3696
1706	2452
69	2872
389	2576
32	2320
7	3216
367	2626
2279	3011
379	3257
4	3310
1493	3124
7	2992
267	1064
644	1987
238	2496
220	1828
52	2704
616	1841
24	6035
396	3975
6	2967
41	2678
947	1359
2	3038
418	1404
54	6740
385	3369
56	1789
473	2515
19	4497
2031	2719
38	2518
642	2664
53	2083
32	3556
7	2117
225	3708
6	2629
9	1829
10	3116
152	2714
7	6255
300	1648
796	2322
7	2268
124	3038
17	2809
1047	5482
21	3123
2	3020
188	2564
29	6600
2268	3464
43	2361
694	3878
15	1843
209	2224
543	2711
443	2692
29	1373
497	1864
123	2986
28	2055
23	3454
10	3271
805	3349
1710	1735
145	2465
29	1800
4	1803
22	1515
56	1881
2199	3066
1596	2379
29	2238
36	2275
535	3075
8	2518
4	2994
165	3649
9	2335
25	2404
12	5248
65	3470
136	1920
2310	2429
211	6519
1075	1685
71	2211
6	2113
1	3065
137	1640
11	3546
41	3484
1959	3342
23	3764
145	2257
20	2468
44	1409
4	2993
212	2631
357	9713
470	4303
409	2523
6	3095
42	3473
658	1334
26	2425
168	2408
55	1912
1374	3560
285	4099
1	2996
12	822
127	3777
1773	2795
255	1762
171	2158
2282	2435
677	3136
216	1394
40	3288
183	3033
879	2327
7	2661
58	2493
107	2158
69	1745
112	1701
424	2726
50	1734
4144	4363
2	2838
186	2034
17	2220
12	3047
655	1748
314	2892
320	3379
2	2050
2606	2759
115	1823
377	2672
883	2655
391	4575
34	1927
246	2502
20	2276
785	1552
312	1734
543	2985
117	1679
9	2268
332	2012
1917	2284
14	2238
423	1982
111	3044
136	721
60	2458
182	1726
362	1855
52	3049
19	2316
1169	2046
564	2851
139	2750
30	3201
17	2909
1544	4063
831	3376
102	5062
44	1773
153	2349
1900	2340
39	3420
208	4327
105	2513
42	2795
36	1691
229	2326
2352	2728
229	1786
29	2499
168	1489
1736	2553
182	3287
469	844
23	1656
4	2396
36	2868
107	1900
2248	2317
63	2049
22	3516
272	2117
156	4143
30	1944
859	3660
461	2087
44	3286
12	1601
51	1410
153	3115
264	2933
43	3453
676	1997
1565	2149
362	3054
44	2670
5	1947
57	2499
4	1892
80	1848
203	4283
388	2588
21	2377
2499	2756
22	3329
1222	1315
7	2508
394	2294
566	1962
81	2273
162	342
667	2770
214	2559
107	2153
8	2169
305	2117
119	2536
32	2817
538	2935
9	1185
15	1648
17	490
64	3179
7	3569
29	3475
199	8184
51	2051
341	2939
182	1682
577	1374
4	2039
29	1379
39	3727
477	2920
9	3148
154	3019
35	2049
89	2222
149	2136
377	2622
357	3572
63	2676
554	3488
30	2400
786	1816
173	2250
2092	9496
230	2507
144	1788
9	2698
48	3210
148	3318
146	2810
91	2683
386	1958
408	2543
1538	1765
354	2216
23	2261
158	1850
5	3023
2	2276
292	1925
705	2642
192	3283
5	2902
174	2143
31	1616
2	2227
550	3982
4	3516
20	2255
7	3635
29	1359
15	1478
497	2696
7	1702
6	2477
19	2576
18	2566
102	3472
2077	3852
27	4433
15	3124
679	2358
45	1840
106	490
697	3548
129	1405
28	1581
792	2101
254	4070
54	1512
146	2676
246	2801
829	2967
148	3870
403	2257
8	3387
3	2298
340	2201
332	3375
3	2213
127	4967
139	3783
13	1584
307	1752
460	1840
206	3026
24	5710
132	2257
670	2369
31	2333
5	3013
5	3653
353	1962
291	2289
30	2143
209	2647
14	2477
876	3138
249	2453
22	3112
155	1722
39	2436
109	1410
102	3011
2	2185
2252	4219
23	2063
22	3597
261	2772
161	2845
56	1735
3	2496
225	3625
95	2447
4	4116
7	2973
33	2436
138	2371
2	2115
583	3066
80	3475
696	1739
6	3839
7	2672
15	2015
1051	1877
25	1319
13	2347
17	1791
832	3217
36	8072
7	3512
41	1541
21	2783
26	2728
39	1456
57	1926
2	2494
12	2572
7	3468
32	3015
484	2078
9	2079
89	2289
2012	2105
210	2871
22	1681
222	5543
106	3424
164	3106
22	3073
602	2714
9	2641
22	2401
7	3230
1493	2199
73	3062
1	2170
205	2474
23	2783
119	2991
516	2451
2	1636
43	1884
49	1436
696	1382
50	3372
62	1480
26	2188
36	5147
2843	3032
1034	1681
18	2380
978	1906
158	2920
34	2790
48	3586
191	2003
1089	2912
967	3224
114	2785
1230	3698
113	1695
1248	3671
1397	1951
99	2342
10	3795
5	3166
15	3362
345	2755
636	2888
162	7789
148	463
7	3575
55	2044
75	3022
1251	4406
17	4137
299	3528
738	2134
46	2993
24	3022
309	1582
1578	3430
171	3220
614	3351
171	2060
318	3825
484	1315
11	7814
5	3784
606	3268
3	4726
8	3430
17	2843
72	2283
1176	3242
49	2342
5	2881
200	2399
926	1194
36	2923
20	2539
1514	3325
965	2075
2005	2370
56	1789
74	3183
5	3793
12	2902
91	2407
16	3219
68	2838
280	1891
78	2166
8	3641
29	1375
9	2868
137	1437
46	1582
1095	3300
59	2414
108	2864
531	2465
99	1371
139	2443
244	2171
288	4843
222	2806
7	2408
12	2873
1868	2945
28	1580
45	2015
2	1973
190	4162
184	1893
543	2921
41	1230
243	2738
55	3140
352	2865
1023	1827
132	2359
5	2870
328	2703
362	3361
27	3691
10	3439
22	1975
34	731
662	2849
55	2767
59	1531
7	3113
19	3887
1022	2273
737	2606
30	3076
