474	5112
94	3146
532	4998
765	3406
138	4649
442	5791
387	7087
2828	5853
4	4757
224	3929
4332	4577
1148	5313
36	2340
124	6063
965	5033
2319	5698
39	4994
291	2962
1422	5240
29	5071
137	5524
5	4874
1085	4954
18	5116
102	2947
65	3439
34	6947
18	4155
1071	5369
88	4749
168	4231
38	6657
171	3894
1949	2999
630	4197
661	4314
26	4308
25	5031
925	8028
31	4961
434	5706
138	2653
40	3365
18	2728
3	7343
269	4062
777	7193
42	5775
544	9666
77	3947
278	6812
246	7444
1502	4451
8	3377
25	5679
1715	3935
3863	5702
40	5323
3726	5275
4745	6794
1278	2750
469	3988
855	5657
2305	4760
15	4827
108	2090
21	5571
1340	3611
4935	7025
3397	3621
30	4059
782	4863
889	5267
2421	3259
30	2979
99	2460
86	3905
75	4117
6	3546
96	5496
219	2455
149	2814
659	4404
1776	3655
316	5138
1655	3354
21	5876
19	4125
866	4888
943	5821
85	5207
11	3998
467	5301
3	12489
36	13091
520	3632
1205	16354
2	1126
782	4632
42	3855
1190	3639
15	4849
2	4974
4456	5058
648	5040
47	7413
2898	5946
1155	5815
23	3394
10	3336
14	2033
199	3089
32	9533
471	4326
165	4339
23	2746
67	2556
30	7838
2	2913
130	2999
9	5895
439	2999
26	4299
5	2124
165	4477
230	5996
141	4445
37	4716
21	3627
4	16141
4	3995
697	3089
13	2794
299	4255
86	4065
290	7155
57	5427
930	5529
77	3146
24	3627
119	5491
3	5796
5	3561
50	4839
71	2186
2030	3472
1484	5500
1399	6388
59	4189
85	4644
2124	2742
103	4639
1397	3431
225	3924
57	5426
13	5191
846	4172
1075	7763
15	3006
1420	3751
28	3415
367	2887
4	4236
71	3093
72	8514
225	2625
219	3250
25	3814
116	4145
8	4178
317	4101
1117	3208
22	13658
147	6456
658	7640
15	3645
47	2544
964	6296
332	4173
99	2781
9	2904
196	6466
16	5233
7	11211
2556	7814
504	5095
652	4269
294	2958
1756	5652
521	4374
161	2724
6	6495
186	6060
55	4007
845	3263
678	2988
45	3062
13	2999
95	4005
105	6019
36	3179
14	4083
2908	5892
627	4957
6	3709
71	4702
2028	5289
3695	4485
464	4970
175	9437
32	3367
62	4058
473	10142
127	5766
137	2843
192	3797
7	4846
8	5492
565	3462
62	4146
619	4470
60	4410
67	3463
41	3421
1560	3102
5221	5973
154	4669
15	7544
576	4606
3446	5166
307	4796
8	3689
1484	7703
176	10616
10	2956
31	2999
12	5888
1238	3224
114	3914
1134	5631
608	7887
3	3720
818	5673
4	5217
29	2209
774	5184
554	2959
1938	4426
3343	5749
2354	6963
49	5332
22	3697
832	2322
2927	5051
468	5250
119	3132
1021	5522
10	2411
42	5664
734	2819
316	4266
6105	6413
104	4479
178	3017
3840	7732
125	3425
791	6293
47	2788
1971	4849
3578	4542
101	4613
4506	5290
202	7091
254	1754
2320	5976
55	3804
23	6929
54	3267
17	3555
64	3993
207	11924
1115	4376
1230	4526
766	9262
569	4143
26	2643
9	3229
31	2956
738	2886
48	3294
885	3948
180	4527
738	4742
101	4388
296	3237
617	4951
62	3074
70	3359
215	2962
135	3726
728	3770
3	3233
323	4403
17	4547
393	3057
2236	3098
29	7891
17	1961
47	2761
482	3986
10	6666
57	5061
153	1499
45	3150
208	4560
952	5843
620	3492
59	5325
36	2393
14	8078
62	2772
112	5551
496	7480
938	2632
14	3108
10	91
29	4068
130	5242
327	5328
201	6227
31	4791
225	4112
1763	5755
201	4351
26	5774
20	2896
75	4217
85	5989
125	2819
63	3078
2981	3065
153	6583
528	4894
2547	5017
120	5060
614	4454
33	4853
8	4725
334	4507
1294	5099
116	6780
5	5255
3492	5320
971	5510
6	5217
578	3440
1143	4273
2491	4146
23	4133
77	3605
58	4697
627	3161
32	7408
369	6577
14	5189
65	4204
510	2999
2	5077
574	2724
54	6740
624	5819
61	3146
763	4482
25	6472
2436	4011
58	3520
701	3875
70	3440
26	6137
8	3997
362	5748
15	4724
4797	5558
9	3158
13	5204
182	4709
7	6255
92	3825
773	4166
7	6130
71	10789
39	4955
1337	12500
19	4509
2	5299
185	4141
3140	3382
29	6600
2829	5341
40	3126
876	5411
1468	6251
20	3186
447	5246
872	4181
275	4263
31	2962
570	3717
127	3238
43	4173
19	5979
16	5624
436	6156
145	3089
230	5139
38	1976
10	2966
1306	3385
19	2460
61	3237
1557	5314
2313	4522
35	4105
52	3317
535	3075
13	5101
5	4362
188	5039
19	3261
2976	3108
47	4579
15	6464
129	5194
222	3181
1402	6289
2875	4760
211	6519
110	3860
1898	4296
134	5193
55	3523
7	3723
1	4969
32	3175
20	5150
96	5751
1539	5462
28	5272
250	3858
44	4681
44	1409
4	5082
406	4837
357	9713
685	6257
383	3958
4680	5966
5	5018
851	8685
64	5912
895	1792
34	4048
77	3450
78	3271
1374	3560
3572	4712
285	4099
3	4164
17	1656
151	4973
2416	4846
208	4569
185	4027
2500	3334
931	4376
426	2817
64	6513
414	6297
1073	5375
7	4749
72	3169
91	4012
94	2936
104	3601
753	5534
78	3863
4635	6190
2	4552
235	2953
22	4084
19	5130
753	4246
115	7022
468	6080
2	4385
751	4038
197	3793
474	4557
1391	5112
512	6124
35	3074
426	4170
40	4539
394	2759
745	4543
832	4627
190	3321
14	6130
747	4663
2393	3757
22	3626
454	3346
175	4883
916	2781
63	3830
63	5183
234	4274
415	3331
55	5469
27	3482
964	4029
898	3760
140	4666
39	5552
25	4368
2491	6487
1150	5656
127	13047
22	3428
120	3225
2755	5232
62	5893
138	6558
170	4888
68	4849
17	4034
290	3579
1260	5899
1097	3774
364	4078
37	4515
110	3205
2442	4895
195	4779
376	2470
21	2899
5	3821
42	5319
65	3295
1703	5414
22	3062
36	5352
329	4430
93	6071
67	4625
1157	7313
420	3916
46	4834
25	3443
2113	6350
61	2891
292	5180
433	5468
62	5635
1146	3570
542	3642
591	5305
109	5020
9	4538
134	6077
8	3032
80	3729
125	5969
262	4538
30	4612
913	5294
21	4983
518	3267
7	4290
626	4017
946	3764
228	6135
162	342
1199	5379
28	6593
151	3923
15	3311
600	4416
34	4615
172	3893
87	6682
924	4647
11	2966
30	4285
22	1195
92	4608
14	5908
1214	3908
176	5004
2400	2754
68	7192
199	8184
70	3245
389	3372
264	2872
1048	2742
4	2682
31	1486
38	8800
461	5214
10	5776
229	4815
45	3062
110	4246
266	3600
532	3748
194	5917
103	3849
845	5752
49	4700
824	3283
274	4407
2092	9496
347	4176
220	3219
11	4526
99	12894
234	5620
149	4462
75	4486
103	4515
203	5325
472	2995
513	3615
33	3955
176	3428
6	4531
2	6097
452	3169
644	4309
615	5836
102	6044
4	5192
136	6889
26	3665
2	3632
334	6589
4	6159
20	2255
6	4693
31	2999
42	2949
723	3907
5	2893
9	3651
33	4415
27	5162
151	4358
2828	5853
34	5986
38	5641
828	3448
49	3515
99	1195
872	5913
88	3026
46	2976
494	3473
47	6651
104	2939
220	5356
207	4831
548	4307
121	5820
591	3994
27	4478
4	3749
360	2363
603	6183
4	3301
183	7416
31	5686
422	4392
7	2839
75	4425
812	3770
55	4204
16	8798
211	4164
1111	4403
63	4215
273	8431
24	4115
3	5069
571	3263
516	4708
1001	4001
29	4000
258	3831
19	4767
482	5035
349	3659
37	4022
74	3274
19	4143
75	2967
137	5257
2	4057
3543	7301
30	2977
30	5049
343	5587
171	4642
3144	3435
60	3089
6	3924
447	7009
79	4308
5	6696
12	4648
36	4219
1753	4521
97	4497
1	10426
753	5143
95	5444
252	2510
7	5271
7	4992
2915	3679
156	4748
25	4167
1471	3091
54	3158
23	3595
31	3536
915	5431
36	8072
10	12933
66	3040
31	4360
36	4432
56	2831
57	1926
613	3974
3	4304
23	4420
19	4515
1982	2964
28	4257
234	4775
866	4248
16	3958
147	4243
222	3517
325	4172
67	4320
222	5543
196	6166
165	4216
22	3073
822	4374
16	4460
59	4399
11	6290
2000	4189
101	4826
1	4734
119	4634
43	4229
69	4986
569	4158
2	1636
58	3004
102	2832
257	2870
79	6051
112	2878
32	2617
36	7956
5842	6210
901	4527
758	2757
4508	4626
37	5141
1809	4478
323	5443
38	3657
52	4761
597	3365
347	3369
1031	4613
1309	4893
125	4844
2367	6713
52	3083
3533	6396
1869	5985
2417	6755
3274	3990
767	4232
92	4057
18	5776
4	5454
19	4803
735	5457
1125	5805
162	7789
149	1188
6	5290
517	4020
79	3220
70	4580
1653	8564
18	5537
326	5359
1031	3911
29	5258
45	5146
714	3386
2228	6102
181	3935
342	7366
872	5416
15	3539
318	3825
726	1694
192	3769
11	7814
7	5396
1004	5777
3	4726
11	4840
18	5183
64	3525
1411	6146
47	4231
5	4743
305	3009
1272	2072
65	4710
37	4317
2134	4994
745	4251
2789	4742
61	3146
121	5229
6	6014
13	5591
160	4194
22	5607
140	6841
280	1891
108	3873
8	5147
30	1508
11	4326
104	3009
3271	4579
1955	5844
46	2787
1075	5534
64	3530
132	4300
286	3751
124	2983
247	4256
420	4339
288	4843
415	5196
12	4374
19	4884
1511	5345
956	3977
30	2904
1051	5353
69	5264
3	3878
203	6754
212	6233
852	5244
54	2487
1561	4565
284	4124
1837	5464
55	5500
364	2941
2551	2960
1562	3370
199	4196
4	4245
434	4502
546	4763
42	5683
15	4359
17	3588
23	2227
2549	3998
314	4929
110	6908
57	2728
7	5551
34	7027
2234	5422
1119	4497
31	3199
