591	1937
24	1479
151	2032
615	2456
1789	1867
29	1598
1479	1606
280	2526
1180	2242
27	2819
21	2145
100	2172
18	2836
1564	1766
13	1433
33	2305
35	2089
34	2032
425	2492
14	3115
18	1855
127	1693
22	2264
1104	2413
13	2653
15	1617
385	2125
22	2116
27	2142
126	2269
464	2295
37	2182
33	2383
11	1476
612	1437
40	2331
253	1323
21	2303
13	2134
229	2384
6	2291
680	2160
20	1350
16	1329
52	1856
169	2149
71	2728
694	2413
4	1619
359	1845
82	1794
62	2351
401	2605
135	2285
255	2346
7	1911
28	3190
1382	2180
320	2310
664	2383
13	2612
1732	2301
608	1844
2611	2828
393	1700
10	2141
55	765
3	2695
1869	2166
956	1956
40	2573
75	1714
56	2494
31	1446
150	2351
25	2482
73	2338
226	2405
24	2002
1597	1833
181	2659
8	2465
39	2422
289	2402
356	2395
1772	2210
4	2052
93	2078
847	2289
188	2199
22	2495
8	1799
33	2068
541	1845
203	2871
92	2062
62	1901
2561	2767
82	2194
11	1628
375	2135
144	1780
79	2397
781	2426
1	678
191	1468
1425	2433
164	2426
904	2289
5	2874
203	2060
72	2104
29	2186
3	2290
388	2354
311	2374
73	2445
12	2173
106	2250
625	2604
105	1972
136	2212
20	2188
228	2455
3	2298
5	1873
17	2042
103	1931
2238	2510
427	2362
1426	1872
1543	2335
44	2056
17	2236
6	2687
722	2141
30	1744
121	1418
29	1529
37	2556
191	1338
21	2156
10	1950
24	2335
18	2042
289	2049
4	2263
49	1810
110	1967
44	2140
12	2464
21	2053
38	2464
35	2190
590	2502
9	1874
4	2228
12	2026
303	2109
37	2073
769	1706
24	2135
1764	2175
110	1637
16	2072
183	1704
3	2226
6	1683
5	2215
10	2483
76	1706
2193	2352
415	2296
52	1548
32	2089
13	1763
176	2308
135	2781
643	2329
21	1866
166	1802
381	2547
53	2616
741	1549
1684	2130
2104	2691
1879	2357
16	1607
478	1655
17	2282
172	2009
891	1368
4	1915
1615	1856
26	2003
50	2083
13	2059
19	2784
207	2102
25	2015
120	2205
3	1939
12	2434
255	1513
34	2837
398	2779
11	1868
25	2139
159	2168
1337	1931
111	2202
62	2440
97	1994
27	2282
40	2545
1539	2340
424	3047
26	1697
131	2641
53	2019
44	2144
1	795
726	2253
41	1985
39	1916
1209	2111
33	1773
104	2490
34	2490
35	2036
6	2133
110	2428
1512	1775
6	1909
153	2080
661	1922
17	2251
216	1361
1463	2047
27	2028
38	2779
93	2439
100	2544
33	1414
563	1851
541	2532
956	2194
523	1909
12	2403
39	2043
403	2053
378	2290
41	1946
902	2220
59	2009
9	2631
1625	2082
1382	3226
9	1903
9	2833
375	2358
62	2402
1387	2323
8	2422
2	2002
21	1512
59	2032
272	2192
59	1825
1825	2202
36	2068
450	3023
9	2166
640	2666
4	2368
76	1977
41	1105
2281	2787
176	2150
363	2194
209	1335
156	2523
287	2628
265	2967
37	1724
6	1793
904	929
35	1693
1958	2299
69	1917
289	2211
25	2216
439	2042
21	2577
75	2398
17	1206
231	2337
235	2641
49	2643
8	1487
297	2604
194	2563
78	1801
145	1827
69	2198
24	1707
489	2511
27	2526
39	1501
90	2492
49	1227
229	2274
251	1311
1737	2301
47	1483
62	2173
9	1388
6	2151
10	1930
638	2169
2356	2411
1304	2600
81	2592
365	1901
206	2033
24	1796
12	1794
743	1936
40	2201
35	1500
19	1613
1410	2360
50	1810
42	2406
34	1464
265	2055
165	2463
93	2449
771	2657
50	1727
116	2341
150	1517
2565	2853
630	2202
41	2043
6	2262
428	2455
9	2443
437	2613
549	1740
22	3207
20	1768
25	1782
22	1828
22	2870
33	2461
45	2291
39	2533
22	2511
212	2019
8	1651
659	2319
1988	2161
907	2771
811	2201
46	1922
18	2152
637	2441
178	1885
40	1608
99	2081
278	2895
26	1469
51	2509
30	2152
13	2803
14	2392
19	2250
15	2595
522	1788
49	2764
7	1643
274	1943
74	2140
761	2764
27	2509
30	1992
1728	2305
7	2313
65	2560
103	2351
696	1531
21	1635
74	2297
933	2032
1512	2716
84	2353
194	2268
34	3109
13	1728
4	2320
36	1917
865	2079
403	2557
65	2095
67	2410
1876	2511
1663	2326
515	2233
96	1896
13	2258
77	2122
65	2413
2447	2955
72	2329
50	1942
1374	1794
462	2570
68	1725
42	2234
18	3180
396	2882
18	2087
25	2085
271	1277
4	1874
113	1918
228	2771
622	2239
109	2593
23	1106
681	2394
10	2997
1279	2307
1969	2017
21	1599
295	1240
1198	2292
29	1619
268	1723
232	1322
23	2522
11	1482
514	2818
164	2526
3	2284
59	2456
11	1928
378	2247
27	2585
210	2145
12	1765
369	1853
36	2118
40	2028
1660	2417
8	1910
377	2211
56	2155
4	2059
262	2149
51	2153
39	2037
11	2087
142	1734
228	2128
28	1392
75	2986
10	1848
417	2583
864	1808
8	2719
17	2322
46	2027
122	2327
18	2395
25	2069
17	3086
46	2341
25	1402
32	2064
6	1756
21	1670
8	1858
50	1209
10	1683
12	2050
10	2942
16	1769
16	1204
241	3157
114	1902
19	2262
33	480
5	2335
58	1725
1614	2606
77	2417
9	1583
290	3121
10	1913
3	2350
63	1841
280	2310
8	2973
56	2264
17	2279
22	2255
1466	2167
381	2644
413	2773
177	2522
205	2623
80	2538
225	1319
308	1974
34	2355
197	2076
9	1766
2	2260
163	2589
149	2792
10	2405
6	1924
290	2186
916	2167
31	1643
287	2139
6	1814
58	2860
888	2541
120	2166
7	2361
715	2444
761	2388
1959	2619
94	2483
40	2132
903	2829
8	2643
1576	2447
146	2565
1234	1882
41	2098
99	1816
269	2556
59	1726
37	1522
48	1903
63	1821
439	2185
101	1776
4	2515
38	1312
88	1704
3	2034
494	1819
553	1984
162	1880
481	2259
9	2496
34	1876
11	2348
423	1952
1318	2862
14	2603
52	1413
143	1789
12	2014
145	1888
16	2385
193	1791
205	2408
646	2237
260	2262
7	2498
2	2201
308	2096
35	1148
265	1176
99	2026
39	1720
300	2088
1118	2152
3	1414
42	2404
1744	2021
117	1872
325	2421
609	2198
116	2950
16	1867
375	1804
12	2205
38	1865
61	2311
137	3022
1108	2033
22	1978
102	2367
140	1486
24	2457
44	2298
297	2573
18	1966
779	2318
17	2372
63	2177
278	2393
60	2295
16	2357
109	2212
125	2033
30	1895
18	2158
1303	2679
20	2094
26	1915
14	2320
12	1985
32	1953
6	2425
86	2524
52	2069
39	2197
31	1880
120	1844
1361	2335
44	1105
1934	2241
70	1686
699	1224
326	2379
390	2664
1789	2012
107	2412
100	2135
6	2577
7	2617
243	1848
1329	2093
17	1691
17	2128
52	2085
671	2086
186	2393
34	2024
1512	2481
27	2853
29	2519
13	2408
641	2304
40	1717
225	2391
745	2684
179	2421
72	1663
25	2094
136	2370
19	1776
10	2043
279	3149
78	1837
8	1685
306	2340
1742	2092
447	2781
318	2293
55	2032
31	2746
9	2477
42	2172
38	1547
7	2405
368	1895
10	1392
27	1865
16	1875
82	2091
933	1863
5	1984
33	2288
196	2507
87	2217
8	2125
33	2261
36	1853
26	2267
323	2007
11	2231
78	2107
47	1601
51	2097
43	2092
45	2480
7	1870
535	2347
1539	2451
97	2201
265	2233
52	2353
1350	2351
420	2939
1902	2184
37	2702
156	2616
6	1618
9	2413
14	2096
17	3934
1546	2257
7	2056
537	2775
309	2292
17	1829
1263	1896
47	2233
27	1674
2222	2579
868	1987
78	2996
4	2155
144	2240
9	2216
65	2324
70	952
885	2813
261	2812
1060	1951
298	1932
13	2115
176	2608
28	2313
149	2422
32	2717
121	2657
90	2116
100	2063
1084	2407
750	1755
2284	2519
511	2456
37	2080
25	2572
4	2070
4	1786
8	2185
417	1766
387	1866
826	2307
164	2653
431	2785
160	2304
5	2505
23	2295
150	2487
264	1322
31	1090
3	2197
423	2440
5	2695
69	2291
59	2445
24	1704
10	1653
10	1625
92	2768
13	2543
165	2712
99	2553
20	1822
70	2395
961	2108
1138	2240
14	3001
438	1624
25	2299
605	1429
84	2057
970	1786
2246	2315
2377	2963
472	2448
17	2071
20	2397
42	1257
27	2047
99	2360
11	2074
203	2481
42	1364
125	2195
1567	2527
362	2258
7	1985
31	1918
27	2198
3	1710
106	1774
1205	1948
7	2881
230	3122
48	2564
3	2397
77	1902
9	2210
89	2610
32	2339
90	1894
32	857
54	2535
362	2832
97	2835
510	1971
18	2528
447	3056
1959	2183
94	2212
2051	2686
14	2616
49	653
8	2021
3	2426
306	3012
298	1443
122	2481
9	2141
38	2087
344	2380
25	2512
1953	2711
535	2423
17	1825
34	2337
426	2179
37	1653
308	1822
2	2834
6	2092
19	2324
2059	2474
42	1924
242	2138
29	1985
12	2555
373	2280
3	2009
186	2082
124	2677
13	2056
206	2020
17	1653
11	1802
14	2295
13	2284
7	2091
158	1636
171	1819
11	2612
66	2058
25	2144
185	2370
85	2071
1556	1988
89	1973
5	1900
852	1934
31	2158
178	2617
41	1814
7	2116
350	2827
216	2191
30	2558
575	1958
62	2443
61	2201
525	2306
9	2149
1943	2668
47	1306
16	2578
28	1528
305	2612
7	1508
131	2117
4	2197
15	1771
102	2378
18	2433
32	1767
74	2210
6	1811
70	2731
2227	2632
366	1847
147	2161
6	2151
4	2160
72	1799
77	1954
123	2557
1147	2619
135	2400
1325	2156
55	2034
12	2417
15	2116
15	2269
128	2801
90	1774
293	2391
12	2087
712	1969
9	1877
60	2127
10	2366
273	1167
119	2601
6	1719
383	2962
4	1615
1646	2034
29	2005
260	2908
353	1753
71	2204
82	2518
27	1693
74	2217
43	2041
26	2329
9	2529
417	2194
46	1326
30	930
17	1996
2230	2319
655	1396
99	2100
35	1662
121	2628
69	2828
61	2872
74	2014
239	2361
1767	2596
61	2506
185	2706
456	2594
21	1849
1739	2080
394	1940
44	2805
1567	2378
37	2226
307	2297
21	2718
5	2733
27	2893
120	2418
511	2789
266	1672
18	1917
23	2743
257	2709
21	1332
66	2184
2337	2756
32	2645
762	2749
1721	1963
8	2191
56	1824
79	1017
15	2433
62	1552
18	2436
1636	2385
95	2517
108	2415
69	2598
62	2554
970	1655
228	2422
197	2130
11	2215
188	1425
18	2183
78	1735
145	2739
4	2166
933	2666
491	2205
6	2456
10	2010
16	2026
36	1953
55	1653
243	2318
29	2033
3	1805
91	2080
1154	2176
32	2470
85	2758
327	2251
163	2203
13	1294
58	2157
57	1307
25	2341
14	2273
13	2556
25	2352
175	2302
473	2692
35	1790
14	1992
52	2401
1480	2556
45	1958
18	1286
52	974
414	1625
5	2245
74	2131
20	2493
41	1660
252	1653
414	1669
69	2783
110	2500
42	2081
6	2301
156	2461
82	2872
308	2229
527	2284
271	2261
2168	2343
420	2720
248	1823
5	1914
1003	2220
33	2542
26	2540
12	2151
22	2486
24	2268
313	2209
47	2315
2	2042
53	2283
904	1592
32	2294
233	1418
130	2616
573	2294
134	2292
331	2305
57	1958
21	2090
7	1762
31	2156
732	2635
109	3142
447	2270
14	2986
21	2485
104	2441
42	2367
88	1977
1322	1704
2	2510
89	1353
18	2753
292	2191
47	2366
1062	2055
280	1905
77	2253
